Linux 5.4.0-45-generic (server3) 	2020년 09월 08일 	_x86_64_	(10 CPU)

15시 17분 56초  CPU    %usr   %nice    %sys %iowait    %irq   %soft  %steal  %guest  %gnice   %idle
15시 18분 56초  all   54.02    0.00    6.85    1.03    0.00    3.04    0.00    0.00    0.00   35.06
15시 18분 56초    0   56.50    0.00    6.49    0.84    0.00    2.10    0.00    0.00    0.00   34.08
15시 18분 56초    1   53.77    0.00    7.01    0.62    0.00    3.23    0.00    0.00    0.00   35.36
15시 18분 56초    2   56.42    0.00    5.66    1.10    0.00    2.37    0.00    0.00    0.00   34.45
15시 18분 56초    3   57.66    0.00    6.76    0.96    0.00    2.00    0.00    0.00    0.00   32.62
15시 18분 56초    4   55.25    0.00    6.44    1.38    0.00    2.59    0.00    0.00    0.00   34.34
15시 18분 56초    5   49.91    0.00    6.97    0.88    0.00    3.73    0.00    0.00    0.00   38.50
15시 18분 56초    6   52.63    0.00    6.70    1.15    0.00    2.84    0.00    0.00    0.00   36.67
15시 18분 56초    7   51.79    0.00    7.19    1.16    0.00    5.58    0.00    0.00    0.00   34.28
15시 18분 56초    8   54.07    0.00    7.55    0.91    0.00    3.31    0.00    0.00    0.00   34.16
15시 18분 56초    9   52.19    0.00    7.72    1.27    0.00    2.63    0.00    0.00    0.00   36.19

Average:     CPU    %usr   %nice    %sys %iowait    %irq   %soft  %steal  %guest  %gnice   %idle
Average:     all   54.02    0.00    6.85    1.03    0.00    3.04    0.00    0.00    0.00   35.06
Average:       0   56.50    0.00    6.49    0.84    0.00    2.10    0.00    0.00    0.00   34.08
Average:       1   53.77    0.00    7.01    0.62    0.00    3.23    0.00    0.00    0.00   35.36
Average:       2   56.42    0.00    5.66    1.10    0.00    2.37    0.00    0.00    0.00   34.45
Average:       3   57.66    0.00    6.76    0.96    0.00    2.00    0.00    0.00    0.00   32.62
Average:       4   55.25    0.00    6.44    1.38    0.00    2.59    0.00    0.00    0.00   34.34
Average:       5   49.91    0.00    6.97    0.88    0.00    3.73    0.00    0.00    0.00   38.50
Average:       6   52.63    0.00    6.70    1.15    0.00    2.84    0.00    0.00    0.00   36.67
Average:       7   51.79    0.00    7.19    1.16    0.00    5.58    0.00    0.00    0.00   34.28
Average:       8   54.07    0.00    7.55    0.91    0.00    3.31    0.00    0.00    0.00   34.16
Average:       9   52.19    0.00    7.72    1.27    0.00    2.63    0.00    0.00    0.00   36.19
