Linux 5.4.0-42-generic (server3) 	2020년 09월 02일 	_x86_64_	(10 CPU)

17시 32분 29초  CPU    %usr   %nice    %sys %iowait    %irq   %soft  %steal  %guest  %gnice   %idle
17시 33분 29초  all   54.71    0.00    6.65    0.92    0.00    2.43    0.00    0.00    0.00   35.29
17시 33분 29초    0   57.15    0.00    5.95    0.92    0.00    1.88    0.00    0.00    0.00   34.09
17시 33분 29초    1   54.49    0.00    5.76    1.13    0.00    2.75    0.00    0.00    0.00   35.87
17시 33분 29초    2   53.75    0.00    7.30    1.11    0.00    1.70    0.00    0.00    0.00   36.14
17시 33분 29초    3   56.64    0.00    6.51    0.87    0.00    1.53    0.00    0.00    0.00   34.45
17시 33분 29초    4   53.90    0.00    6.74    0.98    0.00    2.43    0.00    0.00    0.00   35.95
17시 33분 29초    5   53.14    0.00    6.53    0.64    0.00    2.91    0.00    0.00    0.00   36.78
17시 33분 29초    6   54.27    0.00    6.58    0.77    0.00    3.35    0.00    0.00    0.00   35.03
17시 33분 29초    7   55.52    0.00    6.86    0.62    0.00    1.96    0.00    0.00    0.00   35.04
17시 33분 29초    8   55.44    0.00    7.16    0.68    0.00    3.06    0.00    0.00    0.00   33.66
17시 33분 29초    9   52.76    0.00    7.13    1.40    0.00    2.74    0.00    0.00    0.00   35.97

Average:     CPU    %usr   %nice    %sys %iowait    %irq   %soft  %steal  %guest  %gnice   %idle
Average:     all   54.71    0.00    6.65    0.92    0.00    2.43    0.00    0.00    0.00   35.29
Average:       0   57.15    0.00    5.95    0.92    0.00    1.88    0.00    0.00    0.00   34.09
Average:       1   54.49    0.00    5.76    1.13    0.00    2.75    0.00    0.00    0.00   35.87
Average:       2   53.75    0.00    7.30    1.11    0.00    1.70    0.00    0.00    0.00   36.14
Average:       3   56.64    0.00    6.51    0.87    0.00    1.53    0.00    0.00    0.00   34.45
Average:       4   53.90    0.00    6.74    0.98    0.00    2.43    0.00    0.00    0.00   35.95
Average:       5   53.14    0.00    6.53    0.64    0.00    2.91    0.00    0.00    0.00   36.78
Average:       6   54.27    0.00    6.58    0.77    0.00    3.35    0.00    0.00    0.00   35.03
Average:       7   55.52    0.00    6.86    0.62    0.00    1.96    0.00    0.00    0.00   35.04
Average:       8   55.44    0.00    7.16    0.68    0.00    3.06    0.00    0.00    0.00   33.66
Average:       9   52.76    0.00    7.13    1.40    0.00    2.74    0.00    0.00    0.00   35.97
