Linux 5.4.0-42-generic (server3) 	2020년 08월 31일 	_x86_64_	(10 CPU)

20시 20분 50초  CPU    %usr   %nice    %sys %iowait    %irq   %soft  %steal  %guest  %gnice   %idle
20시 21분 50초  all   55.01    0.00    6.28    0.80    0.00    2.45    0.00    0.00    0.00   35.45
20시 21분 50초    0   56.65    0.00    5.96    0.39    0.00    1.73    0.00    0.00    0.00   35.27
20시 21분 50초    1   57.10    0.00    5.92    0.46    0.00    2.88    0.00    0.00    0.00   33.65
20시 21분 50초    2   54.88    0.00    6.37    1.06    0.00    2.15    0.00    0.00    0.00   35.54
20시 21분 50초    3   55.86    0.00    5.58    0.55    0.00    2.47    0.00    0.00    0.00   35.53
20시 21분 50초    4   57.56    0.00    6.11    0.94    0.00    1.92    0.00    0.00    0.00   33.46
20시 21분 50초    5   50.63    0.00    7.32    1.23    0.00    2.97    0.00    0.00    0.00   37.85
20시 21분 50초    6   55.43    0.00    6.50    0.98    0.00    2.29    0.00    0.00    0.00   34.80
20시 21분 50초    7   52.50    0.00    6.84    0.85    0.00    2.07    0.00    0.00    0.00   37.74
20시 21분 50초    8   52.58    0.00    6.12    0.65    0.00    3.83    0.00    0.00    0.00   36.83
20시 21분 50초    9   56.95    0.00    6.11    0.90    0.00    2.19    0.00    0.00    0.00   33.86

Average:     CPU    %usr   %nice    %sys %iowait    %irq   %soft  %steal  %guest  %gnice   %idle
Average:     all   55.01    0.00    6.28    0.80    0.00    2.45    0.00    0.00    0.00   35.45
Average:       0   56.65    0.00    5.96    0.39    0.00    1.73    0.00    0.00    0.00   35.27
Average:       1   57.10    0.00    5.92    0.46    0.00    2.88    0.00    0.00    0.00   33.65
Average:       2   54.88    0.00    6.37    1.06    0.00    2.15    0.00    0.00    0.00   35.54
Average:       3   55.86    0.00    5.58    0.55    0.00    2.47    0.00    0.00    0.00   35.53
Average:       4   57.56    0.00    6.11    0.94    0.00    1.92    0.00    0.00    0.00   33.46
Average:       5   50.63    0.00    7.32    1.23    0.00    2.97    0.00    0.00    0.00   37.85
Average:       6   55.43    0.00    6.50    0.98    0.00    2.29    0.00    0.00    0.00   34.80
Average:       7   52.50    0.00    6.84    0.85    0.00    2.07    0.00    0.00    0.00   37.74
Average:       8   52.58    0.00    6.12    0.65    0.00    3.83    0.00    0.00    0.00   36.83
Average:       9   56.95    0.00    6.11    0.90    0.00    2.19    0.00    0.00    0.00   33.86
