Linux 5.4.0-45-generic (server3) 	2020년 09월 08일 	_x86_64_	(10 CPU)

10시 40분 40초  CPU    %usr   %nice    %sys %iowait    %irq   %soft  %steal  %guest  %gnice   %idle
10시 41분 40초  all   55.56    0.00    5.88    0.82    0.00    2.41    0.00    0.00    0.00   35.33
10시 41분 40초    0   56.65    0.00    5.72    0.92    0.00    1.94    0.00    0.00    0.00   34.78
10시 41분 40초    1   55.81    0.00    5.38    0.86    0.00    1.93    0.00    0.00    0.00   36.03
10시 41분 40초    2   55.45    0.00    6.02    0.99    0.00    2.52    0.00    0.00    0.00   35.02
10시 41분 40초    3   58.20    0.00    5.93    0.83    0.00    1.64    0.00    0.00    0.00   33.40
10시 41분 40초    4   53.88    0.00    5.79    0.81    0.00    2.25    0.00    0.00    0.00   37.27
10시 41분 40초    5   55.54    0.00    6.05    0.83    0.00    3.62    0.00    0.00    0.00   33.96
10시 41분 40초    6   53.99    0.00    5.56    0.55    0.00    3.41    0.00    0.00    0.00   36.49
10시 41분 40초    7   54.09    0.00    6.62    0.70    0.00    2.35    0.00    0.00    0.00   36.24
10시 41분 40초    8   55.38    0.00    6.12    0.83    0.00    2.47    0.00    0.00    0.00   35.19
10시 41분 40초    9   56.56    0.00    5.64    0.91    0.00    2.00    0.00    0.00    0.00   34.90

Average:     CPU    %usr   %nice    %sys %iowait    %irq   %soft  %steal  %guest  %gnice   %idle
Average:     all   55.56    0.00    5.88    0.82    0.00    2.41    0.00    0.00    0.00   35.33
Average:       0   56.65    0.00    5.72    0.92    0.00    1.94    0.00    0.00    0.00   34.78
Average:       1   55.81    0.00    5.38    0.86    0.00    1.93    0.00    0.00    0.00   36.03
Average:       2   55.45    0.00    6.02    0.99    0.00    2.52    0.00    0.00    0.00   35.02
Average:       3   58.20    0.00    5.93    0.83    0.00    1.64    0.00    0.00    0.00   33.40
Average:       4   53.88    0.00    5.79    0.81    0.00    2.25    0.00    0.00    0.00   37.27
Average:       5   55.54    0.00    6.05    0.83    0.00    3.62    0.00    0.00    0.00   33.96
Average:       6   53.99    0.00    5.56    0.55    0.00    3.41    0.00    0.00    0.00   36.49
Average:       7   54.09    0.00    6.62    0.70    0.00    2.35    0.00    0.00    0.00   36.24
Average:       8   55.38    0.00    6.12    0.83    0.00    2.47    0.00    0.00    0.00   35.19
Average:       9   56.56    0.00    5.64    0.91    0.00    2.00    0.00    0.00    0.00   34.90
