Linux 5.4.0-45-generic (server3) 	2020년 09월 08일 	_x86_64_	(10 CPU)

11시 27분 20초  CPU    %usr   %nice    %sys %iowait    %irq   %soft  %steal  %guest  %gnice   %idle
11시 28분 20초  all   54.18    0.00    6.62    0.78    0.00    3.13    0.00    0.00    0.00   35.29
11시 28분 20초    0   56.60    0.00    5.78    1.39    0.00    1.88    0.00    0.00    0.00   34.35
11시 28분 20초    1   55.28    0.00    6.63    0.67    0.00    2.66    0.00    0.00    0.00   34.76
11시 28분 20초    2   54.98    0.00    6.75    0.54    0.00    2.19    0.00    0.00    0.00   35.54
11시 28분 20초    3   53.96    0.00    6.71    0.72    0.00    3.09    0.00    0.00    0.00   35.53
11시 28분 20초    4   53.76    0.00    6.53    0.67    0.00    3.23    0.00    0.00    0.00   35.81
11시 28분 20초    5   56.07    0.00    5.89    0.75    0.00    2.85    0.00    0.00    0.00   34.44
11시 28분 20초    6   49.70    0.00    7.28    1.32    0.00    5.42    0.00    0.00    0.00   36.27
11시 28분 20초    7   52.32    0.00    7.27    0.62    0.00    3.15    0.00    0.00    0.00   36.63
11시 28분 20초    8   56.52    0.00    6.67    0.59    0.00    2.72    0.00    0.00    0.00   33.50
11시 28분 20초    9   52.57    0.00    6.67    0.54    0.00    4.14    0.00    0.00    0.00   36.08

Average:     CPU    %usr   %nice    %sys %iowait    %irq   %soft  %steal  %guest  %gnice   %idle
Average:     all   54.18    0.00    6.62    0.78    0.00    3.13    0.00    0.00    0.00   35.29
Average:       0   56.60    0.00    5.78    1.39    0.00    1.88    0.00    0.00    0.00   34.35
Average:       1   55.28    0.00    6.63    0.67    0.00    2.66    0.00    0.00    0.00   34.76
Average:       2   54.98    0.00    6.75    0.54    0.00    2.19    0.00    0.00    0.00   35.54
Average:       3   53.96    0.00    6.71    0.72    0.00    3.09    0.00    0.00    0.00   35.53
Average:       4   53.76    0.00    6.53    0.67    0.00    3.23    0.00    0.00    0.00   35.81
Average:       5   56.07    0.00    5.89    0.75    0.00    2.85    0.00    0.00    0.00   34.44
Average:       6   49.70    0.00    7.28    1.32    0.00    5.42    0.00    0.00    0.00   36.27
Average:       7   52.32    0.00    7.27    0.62    0.00    3.15    0.00    0.00    0.00   36.63
Average:       8   56.52    0.00    6.67    0.59    0.00    2.72    0.00    0.00    0.00   33.50
Average:       9   52.57    0.00    6.67    0.54    0.00    4.14    0.00    0.00    0.00   36.08
