Linux 5.4.0-45-generic (server3) 	2020년 09월 09일 	_x86_64_	(10 CPU)

11시 09분 09초  CPU    %usr   %nice    %sys %iowait    %irq   %soft  %steal  %guest  %gnice   %idle
11시 10분 09초  all   55.12    0.00    6.15    1.00    0.00    2.63    0.00    0.00    0.00   35.10
11시 10분 09초    0   53.41    0.00    6.22    1.10    0.00    3.22    0.00    0.00    0.00   36.05
11시 10분 09초    1   51.72    0.00    6.89    1.31    0.00    2.43    0.00    0.00    0.00   37.64
11시 10분 09초    2   56.51    0.00    5.44    0.89    0.00    2.81    0.00    0.00    0.00   34.36
11시 10분 09초    3   56.69    0.00    6.26    0.96    0.00    2.22    0.00    0.00    0.00   33.87
11시 10분 09초    4   56.65    0.00    5.81    1.32    0.00    2.54    0.00    0.00    0.00   33.69
11시 10분 09초    5   55.87    0.00    5.92    0.98    0.00    2.48    0.00    0.00    0.00   34.76
11시 10분 09초    6   53.02    0.00    6.80    0.98    0.00    2.65    0.00    0.00    0.00   36.56
11시 10분 09초    7   59.98    0.00    5.36    0.73    0.00    1.10    0.00    0.00    0.00   32.82
11시 10분 09초    8   52.80    0.00    6.22    1.27    0.00    4.75    0.00    0.00    0.00   34.96
11시 10분 09초    9   54.57    0.00    6.55    0.51    0.00    2.07    0.00    0.00    0.00   36.30

Average:     CPU    %usr   %nice    %sys %iowait    %irq   %soft  %steal  %guest  %gnice   %idle
Average:     all   55.12    0.00    6.15    1.00    0.00    2.63    0.00    0.00    0.00   35.10
Average:       0   53.41    0.00    6.22    1.10    0.00    3.22    0.00    0.00    0.00   36.05
Average:       1   51.72    0.00    6.89    1.31    0.00    2.43    0.00    0.00    0.00   37.64
Average:       2   56.51    0.00    5.44    0.89    0.00    2.81    0.00    0.00    0.00   34.36
Average:       3   56.69    0.00    6.26    0.96    0.00    2.22    0.00    0.00    0.00   33.87
Average:       4   56.65    0.00    5.81    1.32    0.00    2.54    0.00    0.00    0.00   33.69
Average:       5   55.87    0.00    5.92    0.98    0.00    2.48    0.00    0.00    0.00   34.76
Average:       6   53.02    0.00    6.80    0.98    0.00    2.65    0.00    0.00    0.00   36.56
Average:       7   59.98    0.00    5.36    0.73    0.00    1.10    0.00    0.00    0.00   32.82
Average:       8   52.80    0.00    6.22    1.27    0.00    4.75    0.00    0.00    0.00   34.96
Average:       9   54.57    0.00    6.55    0.51    0.00    2.07    0.00    0.00    0.00   36.30
