Linux 5.4.0-42-generic (server3) 	2020년 08월 26일 	_x86_64_	(10 CPU)

15시 24분 52초  CPU    %usr   %nice    %sys %iowait    %irq   %soft  %steal  %guest  %gnice   %idle
15시 25분 52초  all   53.97    0.00    6.69    0.76    0.00    2.75    0.00    0.00    0.00   35.82
15시 25분 52초    0   53.48    0.00    7.26    1.11    0.00    2.23    0.00    0.00    0.00   35.93
15시 25분 52초    1   54.93    0.00    6.31    0.36    0.00    3.49    0.00    0.00    0.00   34.91
15시 25분 52초    2   57.06    0.00    5.34    0.76    0.00    1.82    0.00    0.00    0.00   35.02
15시 25분 52초    3   54.00    0.00    6.73    0.46    0.00    2.68    0.00    0.00    0.00   36.12
15시 25분 52초    4   49.31    0.00    7.47    0.99    0.00    2.50    0.00    0.00    0.00   39.73
15시 25분 52초    5   55.53    0.00    6.18    0.91    0.00    2.47    0.00    0.00    0.00   34.91
15시 25분 52초    6   52.59    0.00    7.18    0.83    0.00    3.08    0.00    0.00    0.00   36.32
15시 25분 52초    7   53.65    0.00    6.79    0.73    0.00    2.63    0.00    0.00    0.00   36.19
15시 25분 52초    8   51.97    0.00    7.06    0.47    0.00    4.12    0.00    0.00    0.00   36.38
15시 25분 52초    9   57.14    0.00    6.62    1.00    0.00    2.48    0.00    0.00    0.00   32.76

Average:     CPU    %usr   %nice    %sys %iowait    %irq   %soft  %steal  %guest  %gnice   %idle
Average:     all   53.97    0.00    6.69    0.76    0.00    2.75    0.00    0.00    0.00   35.82
Average:       0   53.48    0.00    7.26    1.11    0.00    2.23    0.00    0.00    0.00   35.93
Average:       1   54.93    0.00    6.31    0.36    0.00    3.49    0.00    0.00    0.00   34.91
Average:       2   57.06    0.00    5.34    0.76    0.00    1.82    0.00    0.00    0.00   35.02
Average:       3   54.00    0.00    6.73    0.46    0.00    2.68    0.00    0.00    0.00   36.12
Average:       4   49.31    0.00    7.47    0.99    0.00    2.50    0.00    0.00    0.00   39.73
Average:       5   55.53    0.00    6.18    0.91    0.00    2.47    0.00    0.00    0.00   34.91
Average:       6   52.59    0.00    7.18    0.83    0.00    3.08    0.00    0.00    0.00   36.32
Average:       7   53.65    0.00    6.79    0.73    0.00    2.63    0.00    0.00    0.00   36.19
Average:       8   51.97    0.00    7.06    0.47    0.00    4.12    0.00    0.00    0.00   36.38
Average:       9   57.14    0.00    6.62    1.00    0.00    2.48    0.00    0.00    0.00   32.76
