Linux 5.4.0-42-generic (server3) 	2020년 08월 31일 	_x86_64_	(10 CPU)

17시 17분 11초  CPU    %usr   %nice    %sys %iowait    %irq   %soft  %steal  %guest  %gnice   %idle
17시 18분 11초  all   54.27    0.00    6.95    0.97    0.00    2.56    0.00    0.00    0.00   35.25
17시 18분 11초    0   55.86    0.00    6.61    0.83    0.00    2.03    0.00    0.00    0.00   34.68
17시 18분 11초    1   55.74    0.00    7.11    0.88    0.00    1.82    0.00    0.00    0.00   34.46
17시 18분 11초    2   54.21    0.00    6.42    1.19    0.00    1.76    0.00    0.00    0.00   36.43
17시 18분 11초    3   54.72    0.00    6.73    1.03    0.00    2.77    0.00    0.00    0.00   34.75
17시 18분 11초    4   53.24    0.00    7.10    0.78    0.00    3.32    0.00    0.00    0.00   35.55
17시 18분 11초    5   56.77    0.00    6.27    0.73    0.00    2.65    0.00    0.00    0.00   33.58
17시 18분 11초    6   55.39    0.00    6.58    0.90    0.00    3.74    0.00    0.00    0.00   33.40
17시 18분 11초    7   51.27    0.00    7.83    1.03    0.00    2.46    0.00    0.00    0.00   37.40
17시 18분 11초    8   49.99    0.00    8.01    1.36    0.00    2.77    0.00    0.00    0.00   37.87
17시 18분 11초    9   55.39    0.00    6.91    1.02    0.00    2.36    0.00    0.00    0.00   34.33

Average:     CPU    %usr   %nice    %sys %iowait    %irq   %soft  %steal  %guest  %gnice   %idle
Average:     all   54.27    0.00    6.95    0.97    0.00    2.56    0.00    0.00    0.00   35.25
Average:       0   55.86    0.00    6.61    0.83    0.00    2.03    0.00    0.00    0.00   34.68
Average:       1   55.74    0.00    7.11    0.88    0.00    1.82    0.00    0.00    0.00   34.46
Average:       2   54.21    0.00    6.42    1.19    0.00    1.76    0.00    0.00    0.00   36.43
Average:       3   54.72    0.00    6.73    1.03    0.00    2.77    0.00    0.00    0.00   34.75
Average:       4   53.24    0.00    7.10    0.78    0.00    3.32    0.00    0.00    0.00   35.55
Average:       5   56.77    0.00    6.27    0.73    0.00    2.65    0.00    0.00    0.00   33.58
Average:       6   55.39    0.00    6.58    0.90    0.00    3.74    0.00    0.00    0.00   33.40
Average:       7   51.27    0.00    7.83    1.03    0.00    2.46    0.00    0.00    0.00   37.40
Average:       8   49.99    0.00    8.01    1.36    0.00    2.77    0.00    0.00    0.00   37.87
Average:       9   55.39    0.00    6.91    1.02    0.00    2.36    0.00    0.00    0.00   34.33
