Linux 5.4.0-45-generic (server3) 	2020년 09월 08일 	_x86_64_	(10 CPU)

15시 32분 07초  CPU    %usr   %nice    %sys %iowait    %irq   %soft  %steal  %guest  %gnice   %idle
15시 33분 07초  all   54.65    0.00    6.58    1.07    0.00    2.75    0.00    0.00    0.00   34.95
15시 33분 07초    0   55.82    0.00    6.51    0.92    0.00    2.11    0.00    0.00    0.00   34.64
15시 33분 07초    1   55.30    0.00    5.92    0.52    0.00    3.29    0.00    0.00    0.00   34.98
15시 33분 07초    2   51.53    0.00    7.20    1.51    0.00    2.99    0.00    0.00    0.00   36.77
15시 33분 07초    3   53.91    0.00    6.99    1.12    0.00    2.74    0.00    0.00    0.00   35.24
15시 33분 07초    4   52.40    0.00    6.91    1.14    0.00    2.77    0.00    0.00    0.00   36.77
15시 33분 07초    5   55.45    0.00    6.59    1.06    0.00    2.58    0.00    0.00    0.00   34.31
15시 33분 07초    6   55.58    0.00    6.66    0.91    0.00    2.28    0.00    0.00    0.00   34.56
15시 33분 07초    7   58.14    0.00    6.19    0.77    0.00    2.84    0.00    0.00    0.00   32.05
15시 33분 07초    8   53.21    0.00    7.00    1.44    0.00    3.85    0.00    0.00    0.00   34.50
15시 33분 07초    9   55.15    0.00    5.86    1.26    0.00    2.07    0.00    0.00    0.00   35.66

Average:     CPU    %usr   %nice    %sys %iowait    %irq   %soft  %steal  %guest  %gnice   %idle
Average:     all   54.65    0.00    6.58    1.07    0.00    2.75    0.00    0.00    0.00   34.95
Average:       0   55.82    0.00    6.51    0.92    0.00    2.11    0.00    0.00    0.00   34.64
Average:       1   55.30    0.00    5.92    0.52    0.00    3.29    0.00    0.00    0.00   34.98
Average:       2   51.53    0.00    7.20    1.51    0.00    2.99    0.00    0.00    0.00   36.77
Average:       3   53.91    0.00    6.99    1.12    0.00    2.74    0.00    0.00    0.00   35.24
Average:       4   52.40    0.00    6.91    1.14    0.00    2.77    0.00    0.00    0.00   36.77
Average:       5   55.45    0.00    6.59    1.06    0.00    2.58    0.00    0.00    0.00   34.31
Average:       6   55.58    0.00    6.66    0.91    0.00    2.28    0.00    0.00    0.00   34.56
Average:       7   58.14    0.00    6.19    0.77    0.00    2.84    0.00    0.00    0.00   32.05
Average:       8   53.21    0.00    7.00    1.44    0.00    3.85    0.00    0.00    0.00   34.50
Average:       9   55.15    0.00    5.86    1.26    0.00    2.07    0.00    0.00    0.00   35.66
