Linux 5.4.0-45-generic (server3) 	2020년 09월 08일 	_x86_64_	(10 CPU)

16시 35분 53초  CPU    %usr   %nice    %sys %iowait    %irq   %soft  %steal  %guest  %gnice   %idle
16시 36분 53초  all   54.26    0.00    6.52    0.94    0.00    2.93    0.00    0.00    0.00   35.34
16시 36분 53초    0   52.94    0.00    7.29    1.13    0.00    2.41    0.00    0.00    0.00   36.23
16시 36분 53초    1   55.26    0.00    6.59    0.72    0.00    2.58    0.00    0.00    0.00   34.86
16시 36분 53초    2   53.94    0.00    5.98    0.80    0.00    1.92    0.00    0.00    0.00   37.36
16시 36분 53초    3   57.63    0.00    5.94    1.32    0.00    2.67    0.00    0.00    0.00   32.44
16시 36분 53초    4   54.69    0.00    5.84    0.98    0.00    2.75    0.00    0.00    0.00   35.75
16시 36분 53초    5   54.27    0.00    6.62    1.00    0.00    2.78    0.00    0.00    0.00   35.34
16시 36분 53초    6   53.40    0.00    5.77    0.59    0.00    4.11    0.00    0.00    0.00   36.13
16시 36분 53초    7   51.56    0.00    7.38    0.98    0.00    3.23    0.00    0.00    0.00   36.84
16시 36분 53초    8   53.57    0.00    7.10    1.08    0.00    4.19    0.00    0.00    0.00   34.06
16시 36분 53초    9   55.38    0.00    6.70    0.86    0.00    2.72    0.00    0.00    0.00   34.34

Average:     CPU    %usr   %nice    %sys %iowait    %irq   %soft  %steal  %guest  %gnice   %idle
Average:     all   54.26    0.00    6.52    0.94    0.00    2.93    0.00    0.00    0.00   35.34
Average:       0   52.94    0.00    7.29    1.13    0.00    2.41    0.00    0.00    0.00   36.23
Average:       1   55.26    0.00    6.59    0.72    0.00    2.58    0.00    0.00    0.00   34.86
Average:       2   53.94    0.00    5.98    0.80    0.00    1.92    0.00    0.00    0.00   37.36
Average:       3   57.63    0.00    5.94    1.32    0.00    2.67    0.00    0.00    0.00   32.44
Average:       4   54.69    0.00    5.84    0.98    0.00    2.75    0.00    0.00    0.00   35.75
Average:       5   54.27    0.00    6.62    1.00    0.00    2.78    0.00    0.00    0.00   35.34
Average:       6   53.40    0.00    5.77    0.59    0.00    4.11    0.00    0.00    0.00   36.13
Average:       7   51.56    0.00    7.38    0.98    0.00    3.23    0.00    0.00    0.00   36.84
Average:       8   53.57    0.00    7.10    1.08    0.00    4.19    0.00    0.00    0.00   34.06
Average:       9   55.38    0.00    6.70    0.86    0.00    2.72    0.00    0.00    0.00   34.34
