Linux 5.4.0-42-generic (server3) 	2020년 09월 01일 	_x86_64_	(10 CPU)

11시 31분 11초  CPU    %usr   %nice    %sys %iowait    %irq   %soft  %steal  %guest  %gnice   %idle
11시 32분 11초  all   56.05    0.00    5.63    0.98    0.00    2.07    0.00    0.00    0.00   35.27
11시 32분 11초    0   56.96    0.00    6.29    1.30    0.00    2.40    0.00    0.00    0.00   33.05
11시 32분 11초    1   53.99    0.00    5.35    0.79    0.00    2.37    0.00    0.00    0.00   37.50
11시 32분 11초    2   54.66    0.00    5.93    0.90    0.00    1.60    0.00    0.00    0.00   36.93
11시 32분 11초    3   56.19    0.00    5.58    0.91    0.00    1.79    0.00    0.00    0.00   35.52
11시 32분 11초    4   58.01    0.00    5.03    0.54    0.00    1.96    0.00    0.00    0.00   34.46
11시 32분 11초    5   56.05    0.00    5.94    1.13    0.00    1.85    0.00    0.00    0.00   35.03
11시 32분 11초    6   56.65    0.00    5.58    1.24    0.00    2.93    0.00    0.00    0.00   33.60
11시 32분 11초    7   52.89    0.00    6.26    0.85    0.00    2.04    0.00    0.00    0.00   37.95
11시 32분 11초    8   58.44    0.00    5.14    0.93    0.00    1.82    0.00    0.00    0.00   33.68
11시 32분 11초    9   56.63    0.00    5.24    1.18    0.00    1.93    0.00    0.00    0.00   35.02

Average:     CPU    %usr   %nice    %sys %iowait    %irq   %soft  %steal  %guest  %gnice   %idle
Average:     all   56.05    0.00    5.63    0.98    0.00    2.07    0.00    0.00    0.00   35.27
Average:       0   56.96    0.00    6.29    1.30    0.00    2.40    0.00    0.00    0.00   33.05
Average:       1   53.99    0.00    5.35    0.79    0.00    2.37    0.00    0.00    0.00   37.50
Average:       2   54.66    0.00    5.93    0.90    0.00    1.60    0.00    0.00    0.00   36.93
Average:       3   56.19    0.00    5.58    0.91    0.00    1.79    0.00    0.00    0.00   35.52
Average:       4   58.01    0.00    5.03    0.54    0.00    1.96    0.00    0.00    0.00   34.46
Average:       5   56.05    0.00    5.94    1.13    0.00    1.85    0.00    0.00    0.00   35.03
Average:       6   56.65    0.00    5.58    1.24    0.00    2.93    0.00    0.00    0.00   33.60
Average:       7   52.89    0.00    6.26    0.85    0.00    2.04    0.00    0.00    0.00   37.95
Average:       8   58.44    0.00    5.14    0.93    0.00    1.82    0.00    0.00    0.00   33.68
Average:       9   56.63    0.00    5.24    1.18    0.00    1.93    0.00    0.00    0.00   35.02
