Linux 5.4.0-42-generic (server3) 	2020년 08월 31일 	_x86_64_	(10 CPU)

14시 22분 59초  CPU    %usr   %nice    %sys %iowait    %irq   %soft  %steal  %guest  %gnice   %idle
14시 23분 59초  all   54.85    0.00    6.30    0.79    0.00    2.71    0.00    0.00    0.00   35.34
14시 23분 59초    0   55.75    0.00    6.06    0.70    0.00    2.04    0.00    0.00    0.00   35.45
14시 23분 59초    1   52.12    0.00    6.29    0.91    0.00    3.35    0.00    0.00    0.00   37.34
14시 23분 59초    2   56.93    0.00    6.02    0.96    0.00    2.74    0.00    0.00    0.00   33.34
14시 23분 59초    3   51.25    0.00    6.60    0.80    0.00    2.62    0.00    0.00    0.00   38.74
14시 23분 59초    4   58.35    0.00    5.67    0.73    0.00    2.15    0.00    0.00    0.00   33.09
14시 23분 59초    5   59.97    0.00    5.59    0.62    0.00    2.31    0.00    0.00    0.00   31.51
14시 23분 59초    6   55.36    0.00    6.45    0.90    0.00    2.45    0.00    0.00    0.00   34.84
14시 23분 59초    7   55.03    0.00    6.34    0.70    0.00    2.92    0.00    0.00    0.00   35.01
14시 23분 59초    8   49.32    0.00    7.79    0.59    0.00    3.96    0.00    0.00    0.00   38.33
14시 23분 59초    9   54.44    0.00    6.20    1.04    0.00    2.63    0.00    0.00    0.00   35.70

Average:     CPU    %usr   %nice    %sys %iowait    %irq   %soft  %steal  %guest  %gnice   %idle
Average:     all   54.85    0.00    6.30    0.79    0.00    2.71    0.00    0.00    0.00   35.34
Average:       0   55.75    0.00    6.06    0.70    0.00    2.04    0.00    0.00    0.00   35.45
Average:       1   52.12    0.00    6.29    0.91    0.00    3.35    0.00    0.00    0.00   37.34
Average:       2   56.93    0.00    6.02    0.96    0.00    2.74    0.00    0.00    0.00   33.34
Average:       3   51.25    0.00    6.60    0.80    0.00    2.62    0.00    0.00    0.00   38.74
Average:       4   58.35    0.00    5.67    0.73    0.00    2.15    0.00    0.00    0.00   33.09
Average:       5   59.97    0.00    5.59    0.62    0.00    2.31    0.00    0.00    0.00   31.51
Average:       6   55.36    0.00    6.45    0.90    0.00    2.45    0.00    0.00    0.00   34.84
Average:       7   55.03    0.00    6.34    0.70    0.00    2.92    0.00    0.00    0.00   35.01
Average:       8   49.32    0.00    7.79    0.59    0.00    3.96    0.00    0.00    0.00   38.33
Average:       9   54.44    0.00    6.20    1.04    0.00    2.63    0.00    0.00    0.00   35.70
