Linux 5.4.0-42-generic (server3) 	2020년 08월 21일 	_x86_64_	(10 CPU)

16시 54분 55초  CPU    %usr   %nice    %sys %iowait    %irq   %soft  %steal  %guest  %gnice   %idle
16시 55분 55초  all   53.30    0.00    6.95    0.80    0.00    3.18    0.00    0.00    0.00   35.78
16시 55분 55초    0   53.44    0.00    6.56    0.97    0.00    3.60    0.00    0.00    0.00   35.43
16시 55분 55초    1   54.11    0.00    6.63    0.44    0.00    2.35    0.00    0.00    0.00   36.47
16시 55분 55초    2   53.98    0.00    7.23    0.36    0.00    3.11    0.00    0.00    0.00   35.31
16시 55분 55초    3   55.23    0.00    6.88    0.64    0.00    3.01    0.00    0.00    0.00   34.24
16시 55분 55초    4   49.36    0.00    7.89    0.96    0.00    3.22    0.00    0.00    0.00   38.57
16시 55분 55초    5   53.65    0.00    6.78    1.09    0.00    3.40    0.00    0.00    0.00   35.08
16시 55분 55초    6   54.20    0.00    6.82    0.81    0.00    2.54    0.00    0.00    0.00   35.62
16시 55분 55초    7   55.66    0.00    6.38    0.62    0.00    3.11    0.00    0.00    0.00   34.23
16시 55분 55초    8   52.42    0.00    7.09    1.45    0.00    2.93    0.00    0.00    0.00   36.11
16시 55분 55초    9   50.90    0.00    7.21    0.65    0.00    4.54    0.00    0.00    0.00   36.71

Average:     CPU    %usr   %nice    %sys %iowait    %irq   %soft  %steal  %guest  %gnice   %idle
Average:     all   53.30    0.00    6.95    0.80    0.00    3.18    0.00    0.00    0.00   35.78
Average:       0   53.44    0.00    6.56    0.97    0.00    3.60    0.00    0.00    0.00   35.43
Average:       1   54.11    0.00    6.63    0.44    0.00    2.35    0.00    0.00    0.00   36.47
Average:       2   53.98    0.00    7.23    0.36    0.00    3.11    0.00    0.00    0.00   35.31
Average:       3   55.23    0.00    6.88    0.64    0.00    3.01    0.00    0.00    0.00   34.24
Average:       4   49.36    0.00    7.89    0.96    0.00    3.22    0.00    0.00    0.00   38.57
Average:       5   53.65    0.00    6.78    1.09    0.00    3.40    0.00    0.00    0.00   35.08
Average:       6   54.20    0.00    6.82    0.81    0.00    2.54    0.00    0.00    0.00   35.62
Average:       7   55.66    0.00    6.38    0.62    0.00    3.11    0.00    0.00    0.00   34.23
Average:       8   52.42    0.00    7.09    1.45    0.00    2.93    0.00    0.00    0.00   36.11
Average:       9   50.90    0.00    7.21    0.65    0.00    4.54    0.00    0.00    0.00   36.71
