Linux 5.4.0-45-generic (server3) 	2020년 09월 08일 	_x86_64_	(10 CPU)

16시 51분 03초  CPU    %usr   %nice    %sys %iowait    %irq   %soft  %steal  %guest  %gnice   %idle
16시 52분 03초  all   54.55    0.00    6.31    0.87    0.00    2.88    0.00    0.00    0.00   35.39
16시 52분 03초    0   54.36    0.00    6.27    0.60    0.00    2.26    0.00    0.00    0.00   36.51
16시 52분 03초    1   54.95    0.00    6.33    0.96    0.00    3.03    0.00    0.00    0.00   34.73
16시 52분 03초    2   55.89    0.00    6.03    0.68    0.00    2.29    0.00    0.00    0.00   35.12
16시 52분 03초    3   56.87    0.00    5.80    1.61    0.00    1.53    0.00    0.00    0.00   34.19
16시 52분 03초    4   54.14    0.00    6.75    0.78    0.00    2.67    0.00    0.00    0.00   35.67
16시 52분 03초    5   57.21    0.00    5.67    0.88    0.00    2.25    0.00    0.00    0.00   33.99
16시 52분 03초    6   50.70    0.00    6.65    1.09    0.00    5.32    0.00    0.00    0.00   36.23
16시 52분 03초    7   55.23    0.00    6.21    0.64    0.00    3.18    0.00    0.00    0.00   34.74
16시 52분 03초    8   54.60    0.00    6.18    0.88    0.00    2.25    0.00    0.00    0.00   36.09
16시 52분 03초    9   51.57    0.00    7.13    0.56    0.00    4.06    0.00    0.00    0.00   36.68

Average:     CPU    %usr   %nice    %sys %iowait    %irq   %soft  %steal  %guest  %gnice   %idle
Average:     all   54.55    0.00    6.31    0.87    0.00    2.88    0.00    0.00    0.00   35.39
Average:       0   54.36    0.00    6.27    0.60    0.00    2.26    0.00    0.00    0.00   36.51
Average:       1   54.95    0.00    6.33    0.96    0.00    3.03    0.00    0.00    0.00   34.73
Average:       2   55.89    0.00    6.03    0.68    0.00    2.29    0.00    0.00    0.00   35.12
Average:       3   56.87    0.00    5.80    1.61    0.00    1.53    0.00    0.00    0.00   34.19
Average:       4   54.14    0.00    6.75    0.78    0.00    2.67    0.00    0.00    0.00   35.67
Average:       5   57.21    0.00    5.67    0.88    0.00    2.25    0.00    0.00    0.00   33.99
Average:       6   50.70    0.00    6.65    1.09    0.00    5.32    0.00    0.00    0.00   36.23
Average:       7   55.23    0.00    6.21    0.64    0.00    3.18    0.00    0.00    0.00   34.74
Average:       8   54.60    0.00    6.18    0.88    0.00    2.25    0.00    0.00    0.00   36.09
Average:       9   51.57    0.00    7.13    0.56    0.00    4.06    0.00    0.00    0.00   36.68
