Linux 5.4.0-42-generic (server3) 	2020년 09월 01일 	_x86_64_	(10 CPU)

10시 40분 26초  CPU    %usr   %nice    %sys %iowait    %irq   %soft  %steal  %guest  %gnice   %idle
10시 41분 26초  all   31.09    0.00    2.85    0.69    0.00    1.19    0.00    0.00    0.00   64.18
10시 41분 26초    0   28.67    0.00    2.95    0.58    0.00    3.56    0.00    0.00    0.00   64.25
10시 41분 26초    1   27.62    0.00    3.13    0.84    0.00    1.72    0.00    0.00    0.00   66.69
10시 41분 26초    2   35.65    0.00    2.55    0.13    0.00    1.12    0.00    0.00    0.00   60.56
10시 41분 26초    3   34.27    0.00    2.64    0.28    0.00    0.68    0.00    0.00    0.00   62.14
10시 41분 26초    4   26.55    0.00    2.48    0.56    0.00    0.89    0.00    0.00    0.00   69.52
10시 41분 26초    5   38.36    0.00    2.76    1.52    0.00    0.68    0.00    0.00    0.00   56.68
10시 41분 26초    6   35.46    0.00    3.00    0.71    0.00    0.69    0.00    0.00    0.00   60.14
10시 41분 26초    7   22.98    0.00    2.91    0.98    0.00    0.71    0.00    0.00    0.00   72.42
10시 41분 26초    8   31.98    0.00    3.34    0.84    0.00    0.99    0.00    0.00    0.00   62.85
10시 41분 26초    9   29.37    0.00    2.83    0.45    0.00    0.84    0.00    0.00    0.00   66.51

Average:     CPU    %usr   %nice    %sys %iowait    %irq   %soft  %steal  %guest  %gnice   %idle
Average:     all   31.09    0.00    2.85    0.69    0.00    1.19    0.00    0.00    0.00   64.18
Average:       0   28.67    0.00    2.95    0.58    0.00    3.56    0.00    0.00    0.00   64.25
Average:       1   27.62    0.00    3.13    0.84    0.00    1.72    0.00    0.00    0.00   66.69
Average:       2   35.65    0.00    2.55    0.13    0.00    1.12    0.00    0.00    0.00   60.56
Average:       3   34.27    0.00    2.64    0.28    0.00    0.68    0.00    0.00    0.00   62.14
Average:       4   26.55    0.00    2.48    0.56    0.00    0.89    0.00    0.00    0.00   69.52
Average:       5   38.36    0.00    2.76    1.52    0.00    0.68    0.00    0.00    0.00   56.68
Average:       6   35.46    0.00    3.00    0.71    0.00    0.69    0.00    0.00    0.00   60.14
Average:       7   22.98    0.00    2.91    0.98    0.00    0.71    0.00    0.00    0.00   72.42
Average:       8   31.98    0.00    3.34    0.84    0.00    0.99    0.00    0.00    0.00   62.85
Average:       9   29.37    0.00    2.83    0.45    0.00    0.84    0.00    0.00    0.00   66.51
