Linux 5.4.0-45-generic (server3) 	2020년 09월 08일 	_x86_64_	(10 CPU)

16시 41분 58초  CPU    %usr   %nice    %sys %iowait    %irq   %soft  %steal  %guest  %gnice   %idle
16시 42분 58초  all   54.25    0.00    6.80    1.32    0.00    2.90    0.00    0.00    0.00   34.72
16시 42분 58초    0   57.95    0.00    6.55    1.13    0.00    1.70    0.00    0.00    0.00   32.66
16시 42분 58초    1   54.03    0.00    7.02    1.65    0.00    2.83    0.00    0.00    0.00   34.47
16시 42분 58초    2   56.44    0.00    6.76    0.89    0.00    2.68    0.00    0.00    0.00   33.23
16시 42분 58초    3   49.66    0.00    6.90    1.48    0.00    4.52    0.00    0.00    0.00   37.43
16시 42분 58초    4   55.78    0.00    6.43    1.38    0.00    1.58    0.00    0.00    0.00   34.84
16시 42분 58초    5   55.83    0.00    5.84    0.98    0.00    2.75    0.00    0.00    0.00   34.61
16시 42분 58초    6   53.84    0.00    6.69    1.86    0.00    2.42    0.00    0.00    0.00   35.19
16시 42분 58초    7   50.60    0.00    7.87    1.48    0.00    4.77    0.00    0.00    0.00   35.27
16시 42분 58초    8   55.67    0.00    6.80    1.01    0.00    2.22    0.00    0.00    0.00   34.31
16시 42분 58초    9   52.70    0.00    7.16    1.40    0.00    3.54    0.00    0.00    0.00   35.21

Average:     CPU    %usr   %nice    %sys %iowait    %irq   %soft  %steal  %guest  %gnice   %idle
Average:     all   54.25    0.00    6.80    1.32    0.00    2.90    0.00    0.00    0.00   34.72
Average:       0   57.95    0.00    6.55    1.13    0.00    1.70    0.00    0.00    0.00   32.66
Average:       1   54.03    0.00    7.02    1.65    0.00    2.83    0.00    0.00    0.00   34.47
Average:       2   56.44    0.00    6.76    0.89    0.00    2.68    0.00    0.00    0.00   33.23
Average:       3   49.66    0.00    6.90    1.48    0.00    4.52    0.00    0.00    0.00   37.43
Average:       4   55.78    0.00    6.43    1.38    0.00    1.58    0.00    0.00    0.00   34.84
Average:       5   55.83    0.00    5.84    0.98    0.00    2.75    0.00    0.00    0.00   34.61
Average:       6   53.84    0.00    6.69    1.86    0.00    2.42    0.00    0.00    0.00   35.19
Average:       7   50.60    0.00    7.87    1.48    0.00    4.77    0.00    0.00    0.00   35.27
Average:       8   55.67    0.00    6.80    1.01    0.00    2.22    0.00    0.00    0.00   34.31
Average:       9   52.70    0.00    7.16    1.40    0.00    3.54    0.00    0.00    0.00   35.21
