Linux 5.4.0-45-generic (server3) 	2020년 09월 09일 	_x86_64_	(10 CPU)

16시 24분 32초  CPU    %usr   %nice    %sys %iowait    %irq   %soft  %steal  %guest  %gnice   %idle
16시 25분 32초  all   54.82    0.00    6.32    0.90    0.00    2.56    0.00    0.00    0.00   35.40
16시 25분 32초    0   52.63    0.00    7.39    1.57    0.00    2.24    0.00    0.00    0.00   36.17
16시 25분 32초    1   56.68    0.00    5.87    1.32    0.00    1.71    0.00    0.00    0.00   34.43
16시 25분 32초    2   57.91    0.00    5.67    0.78    0.00    2.61    0.00    0.00    0.00   33.03
16시 25분 32초    3   54.83    0.00    6.49    1.04    0.00    1.70    0.00    0.00    0.00   35.95
16시 25분 32초    4   55.40    0.00    5.74    0.44    0.00    2.53    0.00    0.00    0.00   35.90
16시 25분 32초    5   52.46    0.00    6.61    0.95    0.00    2.48    0.00    0.00    0.00   37.50
16시 25분 32초    6   53.21    0.00    6.38    0.65    0.00    3.56    0.00    0.00    0.00   36.20
16시 25분 32초    7   55.44    0.00    5.79    0.98    0.00    1.99    0.00    0.00    0.00   35.80
16시 25분 32초    8   54.85    0.00    6.54    0.84    0.00    3.64    0.00    0.00    0.00   34.14
16시 25분 32초    9   54.73    0.00    6.74    0.49    0.00    3.16    0.00    0.00    0.00   34.88

Average:     CPU    %usr   %nice    %sys %iowait    %irq   %soft  %steal  %guest  %gnice   %idle
Average:     all   54.82    0.00    6.32    0.90    0.00    2.56    0.00    0.00    0.00   35.40
Average:       0   52.63    0.00    7.39    1.57    0.00    2.24    0.00    0.00    0.00   36.17
Average:       1   56.68    0.00    5.87    1.32    0.00    1.71    0.00    0.00    0.00   34.43
Average:       2   57.91    0.00    5.67    0.78    0.00    2.61    0.00    0.00    0.00   33.03
Average:       3   54.83    0.00    6.49    1.04    0.00    1.70    0.00    0.00    0.00   35.95
Average:       4   55.40    0.00    5.74    0.44    0.00    2.53    0.00    0.00    0.00   35.90
Average:       5   52.46    0.00    6.61    0.95    0.00    2.48    0.00    0.00    0.00   37.50
Average:       6   53.21    0.00    6.38    0.65    0.00    3.56    0.00    0.00    0.00   36.20
Average:       7   55.44    0.00    5.79    0.98    0.00    1.99    0.00    0.00    0.00   35.80
Average:       8   54.85    0.00    6.54    0.84    0.00    3.64    0.00    0.00    0.00   34.14
Average:       9   54.73    0.00    6.74    0.49    0.00    3.16    0.00    0.00    0.00   34.88
