Linux 5.4.0-42-generic (server3) 	2020년 08월 26일 	_x86_64_	(10 CPU)

14시 05분 25초  CPU    %usr   %nice    %sys %iowait    %irq   %soft  %steal  %guest  %gnice   %idle
14시 06분 25초  all   53.29    0.00    7.24    0.85    0.00    2.84    0.00    0.00    0.00   35.76
14시 06분 25초    0   54.60    0.00    7.05    0.28    0.00    2.27    0.00    0.00    0.00   35.80
14시 06분 25초    1   52.04    0.00    7.62    1.15    0.00    2.75    0.00    0.00    0.00   36.43
14시 06분 25초    2   53.67    0.00    7.41    0.83    0.00    2.80    0.00    0.00    0.00   35.29
14시 06분 25초    3   54.38    0.00    6.93    0.58    0.00    3.07    0.00    0.00    0.00   35.04
14시 06분 25초    4   51.50    0.00    7.97    1.11    0.00    2.79    0.00    0.00    0.00   36.62
14시 06분 25초    5   53.74    0.00    6.77    0.66    0.00    2.87    0.00    0.00    0.00   35.96
14시 06분 25초    6   53.36    0.00    7.22    0.60    0.00    2.83    0.00    0.00    0.00   36.00
14시 06분 25초    7   53.56    0.00    6.86    1.17    0.00    2.16    0.00    0.00    0.00   36.25
14시 06분 25초    8   52.78    0.00    7.95    1.57    0.00    2.64    0.00    0.00    0.00   35.05
14시 06분 25초    9   53.33    0.00    6.68    0.60    0.00    4.23    0.00    0.00    0.00   35.16

Average:     CPU    %usr   %nice    %sys %iowait    %irq   %soft  %steal  %guest  %gnice   %idle
Average:     all   53.29    0.00    7.24    0.85    0.00    2.84    0.00    0.00    0.00   35.76
Average:       0   54.60    0.00    7.05    0.28    0.00    2.27    0.00    0.00    0.00   35.80
Average:       1   52.04    0.00    7.62    1.15    0.00    2.75    0.00    0.00    0.00   36.43
Average:       2   53.67    0.00    7.41    0.83    0.00    2.80    0.00    0.00    0.00   35.29
Average:       3   54.38    0.00    6.93    0.58    0.00    3.07    0.00    0.00    0.00   35.04
Average:       4   51.50    0.00    7.97    1.11    0.00    2.79    0.00    0.00    0.00   36.62
Average:       5   53.74    0.00    6.77    0.66    0.00    2.87    0.00    0.00    0.00   35.96
Average:       6   53.36    0.00    7.22    0.60    0.00    2.83    0.00    0.00    0.00   36.00
Average:       7   53.56    0.00    6.86    1.17    0.00    2.16    0.00    0.00    0.00   36.25
Average:       8   52.78    0.00    7.95    1.57    0.00    2.64    0.00    0.00    0.00   35.05
Average:       9   53.33    0.00    6.68    0.60    0.00    4.23    0.00    0.00    0.00   35.16
