Linux 5.4.0-45-generic (server3) 	2020년 09월 08일 	_x86_64_	(10 CPU)

11시 54분 06초  CPU    %usr   %nice    %sys %iowait    %irq   %soft  %steal  %guest  %gnice   %idle
11시 55분 06초  all   53.86    0.00    7.05    0.89    0.00    2.87    0.00    0.00    0.00   35.33
11시 55분 06초    0   50.90    0.00    7.48    1.08    0.00    2.26    0.00    0.00    0.00   38.27
11시 55분 06초    1   55.50    0.00    7.26    0.99    0.00    2.94    0.00    0.00    0.00   33.30
11시 55분 06초    2   56.78    0.00    5.72    0.54    0.00    2.33    0.00    0.00    0.00   34.63
11시 55분 06초    3   54.67    0.00    7.40    0.73    0.00    3.17    0.00    0.00    0.00   34.03
11시 55분 06초    4   52.32    0.00    7.43    1.15    0.00    2.03    0.00    0.00    0.00   37.06
11시 55분 06초    5   52.12    0.00    7.26    0.72    0.00    2.80    0.00    0.00    0.00   37.11
11시 55분 06초    6   53.98    0.00    6.85    1.17    0.00    2.00    0.00    0.00    0.00   36.00
11시 55분 06초    7   53.37    0.00    7.48    0.75    0.00    2.59    0.00    0.00    0.00   35.81
11시 55분 06초    8   54.14    0.00    7.25    0.96    0.00    4.64    0.00    0.00    0.00   33.01
11시 55분 06초    9   54.82    0.00    6.37    0.80    0.00    4.02    0.00    0.00    0.00   33.98

Average:     CPU    %usr   %nice    %sys %iowait    %irq   %soft  %steal  %guest  %gnice   %idle
Average:     all   53.86    0.00    7.05    0.89    0.00    2.87    0.00    0.00    0.00   35.33
Average:       0   50.90    0.00    7.48    1.08    0.00    2.26    0.00    0.00    0.00   38.27
Average:       1   55.50    0.00    7.26    0.99    0.00    2.94    0.00    0.00    0.00   33.30
Average:       2   56.78    0.00    5.72    0.54    0.00    2.33    0.00    0.00    0.00   34.63
Average:       3   54.67    0.00    7.40    0.73    0.00    3.17    0.00    0.00    0.00   34.03
Average:       4   52.32    0.00    7.43    1.15    0.00    2.03    0.00    0.00    0.00   37.06
Average:       5   52.12    0.00    7.26    0.72    0.00    2.80    0.00    0.00    0.00   37.11
Average:       6   53.98    0.00    6.85    1.17    0.00    2.00    0.00    0.00    0.00   36.00
Average:       7   53.37    0.00    7.48    0.75    0.00    2.59    0.00    0.00    0.00   35.81
Average:       8   54.14    0.00    7.25    0.96    0.00    4.64    0.00    0.00    0.00   33.01
Average:       9   54.82    0.00    6.37    0.80    0.00    4.02    0.00    0.00    0.00   33.98
