Linux 5.4.0-45-generic (server3) 	2020년 09월 09일 	_x86_64_	(10 CPU)

10시 54분 14초  CPU    %usr   %nice    %sys %iowait    %irq   %soft  %steal  %guest  %gnice   %idle
10시 55분 14초  all   55.17    0.00    6.16    0.89    0.00    2.47    0.00    0.00    0.00   35.31
10시 55분 14초    0   57.06    0.00    6.26    0.87    0.00    1.86    0.00    0.00    0.00   33.95
10시 55분 14초    1   50.34    0.00    7.39    0.68    0.00    2.20    0.00    0.00    0.00   39.38
10시 55분 14초    2   55.60    0.00    5.95    0.89    0.00    2.15    0.00    0.00    0.00   35.41
10시 55분 14초    3   58.27    0.00    5.85    0.67    0.00    2.25    0.00    0.00    0.00   32.96
10시 55분 14초    4   54.53    0.00    6.45    1.03    0.00    2.36    0.00    0.00    0.00   35.63
10시 55분 14초    5   56.18    0.00    5.34    0.95    0.00    1.90    0.00    0.00    0.00   35.63
10시 55분 14초    6   54.80    0.00    6.16    1.11    0.00    2.98    0.00    0.00    0.00   34.94
10시 55분 14초    7   58.41    0.00    5.54    0.86    0.00    2.18    0.00    0.00    0.00   33.00
10시 55분 14초    8   51.72    0.00    6.56    0.74    0.00    4.88    0.00    0.00    0.00   36.10
10시 55분 14초    9   54.86    0.00    6.05    1.06    0.00    1.97    0.00    0.00    0.00   36.05

Average:     CPU    %usr   %nice    %sys %iowait    %irq   %soft  %steal  %guest  %gnice   %idle
Average:     all   55.17    0.00    6.16    0.89    0.00    2.47    0.00    0.00    0.00   35.31
Average:       0   57.06    0.00    6.26    0.87    0.00    1.86    0.00    0.00    0.00   33.95
Average:       1   50.34    0.00    7.39    0.68    0.00    2.20    0.00    0.00    0.00   39.38
Average:       2   55.60    0.00    5.95    0.89    0.00    2.15    0.00    0.00    0.00   35.41
Average:       3   58.27    0.00    5.85    0.67    0.00    2.25    0.00    0.00    0.00   32.96
Average:       4   54.53    0.00    6.45    1.03    0.00    2.36    0.00    0.00    0.00   35.63
Average:       5   56.18    0.00    5.34    0.95    0.00    1.90    0.00    0.00    0.00   35.63
Average:       6   54.80    0.00    6.16    1.11    0.00    2.98    0.00    0.00    0.00   34.94
Average:       7   58.41    0.00    5.54    0.86    0.00    2.18    0.00    0.00    0.00   33.00
Average:       8   51.72    0.00    6.56    0.74    0.00    4.88    0.00    0.00    0.00   36.10
Average:       9   54.86    0.00    6.05    1.06    0.00    1.97    0.00    0.00    0.00   36.05
