Linux 5.4.0-42-generic (server3) 	2020년 08월 31일 	_x86_64_	(10 CPU)

16시 30분 46초  CPU    %usr   %nice    %sys %iowait    %irq   %soft  %steal  %guest  %gnice   %idle
16시 31분 46초  all   54.61    0.00    6.74    0.88    0.00    2.46    0.00    0.00    0.00   35.31
16시 31분 46초    0   51.74    0.00    7.15    1.15    0.00    2.18    0.00    0.00    0.00   37.77
16시 31분 46초    1   53.29    0.00    7.31    0.70    0.00    2.87    0.00    0.00    0.00   35.83
16시 31분 46초    2   56.88    0.00    6.24    0.52    0.00    1.59    0.00    0.00    0.00   34.77
16시 31분 46초    3   55.83    0.00    6.10    0.57    0.00    2.59    0.00    0.00    0.00   34.91
16시 31분 46초    4   55.33    0.00    7.21    1.05    0.00    2.15    0.00    0.00    0.00   34.27
16시 31분 46초    5   54.60    0.00    6.17    1.01    0.00    3.56    0.00    0.00    0.00   34.67
16시 31분 46초    6   56.48    0.00    6.51    1.09    0.00    3.25    0.00    0.00    0.00   32.66
16시 31분 46초    7   58.65    0.00    6.28    0.47    0.00    1.96    0.00    0.00    0.00   32.64
16시 31분 46초    8   50.10    0.00    7.81    1.44    0.00    2.20    0.00    0.00    0.00   38.45
16시 31분 46초    9   53.21    0.00    6.64    0.80    0.00    2.21    0.00    0.00    0.00   37.15

Average:     CPU    %usr   %nice    %sys %iowait    %irq   %soft  %steal  %guest  %gnice   %idle
Average:     all   54.61    0.00    6.74    0.88    0.00    2.46    0.00    0.00    0.00   35.31
Average:       0   51.74    0.00    7.15    1.15    0.00    2.18    0.00    0.00    0.00   37.77
Average:       1   53.29    0.00    7.31    0.70    0.00    2.87    0.00    0.00    0.00   35.83
Average:       2   56.88    0.00    6.24    0.52    0.00    1.59    0.00    0.00    0.00   34.77
Average:       3   55.83    0.00    6.10    0.57    0.00    2.59    0.00    0.00    0.00   34.91
Average:       4   55.33    0.00    7.21    1.05    0.00    2.15    0.00    0.00    0.00   34.27
Average:       5   54.60    0.00    6.17    1.01    0.00    3.56    0.00    0.00    0.00   34.67
Average:       6   56.48    0.00    6.51    1.09    0.00    3.25    0.00    0.00    0.00   32.66
Average:       7   58.65    0.00    6.28    0.47    0.00    1.96    0.00    0.00    0.00   32.64
Average:       8   50.10    0.00    7.81    1.44    0.00    2.20    0.00    0.00    0.00   38.45
Average:       9   53.21    0.00    6.64    0.80    0.00    2.21    0.00    0.00    0.00   37.15
