Linux 5.4.0-45-generic (server3) 	2020년 09월 08일 	_x86_64_	(10 CPU)

10시 51분 49초  CPU    %usr   %nice    %sys %iowait    %irq   %soft  %steal  %guest  %gnice   %idle
10시 52분 49초  all   54.48    0.00    6.40    0.84    0.00    3.04    0.00    0.00    0.00   35.26
10시 52분 49초    0   50.61    0.00    7.67    0.81    0.00    2.26    0.00    0.00    0.00   38.64
10시 52분 49초    1   54.68    0.00    6.03    0.83    0.00    3.43    0.00    0.00    0.00   35.03
10시 52분 49초    2   56.22    0.00    6.07    0.70    0.00    3.17    0.00    0.00    0.00   33.84
10시 52분 49초    3   59.08    0.00    5.92    0.78    0.00    2.00    0.00    0.00    0.00   32.22
10시 52분 49초    4   52.80    0.00    6.33    0.98    0.00    3.25    0.00    0.00    0.00   36.64
10시 52분 49초    5   54.24    0.00    6.40    0.87    0.00    2.58    0.00    0.00    0.00   35.91
10시 52분 49초    6   54.25    0.00    6.57    0.73    0.00    2.89    0.00    0.00    0.00   35.56
10시 52분 49초    7   54.60    0.00    6.39    0.93    0.00    2.43    0.00    0.00    0.00   35.65
10시 52분 49초    8   51.78    0.00    6.83    0.78    0.00    5.07    0.00    0.00    0.00   35.54
10시 52분 49초    9   56.53    0.00    5.79    0.96    0.00    3.23    0.00    0.00    0.00   33.48

Average:     CPU    %usr   %nice    %sys %iowait    %irq   %soft  %steal  %guest  %gnice   %idle
Average:     all   54.48    0.00    6.40    0.84    0.00    3.04    0.00    0.00    0.00   35.26
Average:       0   50.61    0.00    7.67    0.81    0.00    2.26    0.00    0.00    0.00   38.64
Average:       1   54.68    0.00    6.03    0.83    0.00    3.43    0.00    0.00    0.00   35.03
Average:       2   56.22    0.00    6.07    0.70    0.00    3.17    0.00    0.00    0.00   33.84
Average:       3   59.08    0.00    5.92    0.78    0.00    2.00    0.00    0.00    0.00   32.22
Average:       4   52.80    0.00    6.33    0.98    0.00    3.25    0.00    0.00    0.00   36.64
Average:       5   54.24    0.00    6.40    0.87    0.00    2.58    0.00    0.00    0.00   35.91
Average:       6   54.25    0.00    6.57    0.73    0.00    2.89    0.00    0.00    0.00   35.56
Average:       7   54.60    0.00    6.39    0.93    0.00    2.43    0.00    0.00    0.00   35.65
Average:       8   51.78    0.00    6.83    0.78    0.00    5.07    0.00    0.00    0.00   35.54
Average:       9   56.53    0.00    5.79    0.96    0.00    3.23    0.00    0.00    0.00   33.48
