Linux 5.4.0-45-generic (server3) 	2020년 09월 09일 	_x86_64_	(10 CPU)

12시 31분 46초  CPU    %usr   %nice    %sys %iowait    %irq   %soft  %steal  %guest  %gnice   %idle
12시 32분 46초  all   54.57    0.00    6.77    0.90    0.00    2.54    0.00    0.00    0.00   35.22
12시 32분 46초    0   53.98    0.00    7.31    0.81    0.00    2.07    0.00    0.00    0.00   35.84
12시 32분 46초    1   51.89    0.00    6.64    0.58    0.00    1.94    0.00    0.00    0.00   38.94
12시 32분 46초    2   54.76    0.00    7.10    1.09    0.00    2.55    0.00    0.00    0.00   34.50
12시 32분 46초    3   57.45    0.00    6.13    0.55    0.00    1.85    0.00    0.00    0.00   34.02
12시 32분 46초    4   55.66    0.00    6.44    1.25    0.00    1.97    0.00    0.00    0.00   34.69
12시 32분 46초    5   54.71    0.00    6.61    0.65    0.00    1.99    0.00    0.00    0.00   36.05
12시 32분 46초    6   55.61    0.00    6.46    1.17    0.00    2.55    0.00    0.00    0.00   34.22
12시 32분 46초    7   53.99    0.00    6.63    0.55    0.00    2.82    0.00    0.00    0.00   36.01
12시 32분 46초    8   54.55    0.00    6.72    1.21    0.00    4.50    0.00    0.00    0.00   33.02
12시 32분 46초    9   53.14    0.00    7.60    1.14    0.00    3.21    0.00    0.00    0.00   34.90

Average:     CPU    %usr   %nice    %sys %iowait    %irq   %soft  %steal  %guest  %gnice   %idle
Average:     all   54.57    0.00    6.77    0.90    0.00    2.54    0.00    0.00    0.00   35.22
Average:       0   53.98    0.00    7.31    0.81    0.00    2.07    0.00    0.00    0.00   35.84
Average:       1   51.89    0.00    6.64    0.58    0.00    1.94    0.00    0.00    0.00   38.94
Average:       2   54.76    0.00    7.10    1.09    0.00    2.55    0.00    0.00    0.00   34.50
Average:       3   57.45    0.00    6.13    0.55    0.00    1.85    0.00    0.00    0.00   34.02
Average:       4   55.66    0.00    6.44    1.25    0.00    1.97    0.00    0.00    0.00   34.69
Average:       5   54.71    0.00    6.61    0.65    0.00    1.99    0.00    0.00    0.00   36.05
Average:       6   55.61    0.00    6.46    1.17    0.00    2.55    0.00    0.00    0.00   34.22
Average:       7   53.99    0.00    6.63    0.55    0.00    2.82    0.00    0.00    0.00   36.01
Average:       8   54.55    0.00    6.72    1.21    0.00    4.50    0.00    0.00    0.00   33.02
Average:       9   53.14    0.00    7.60    1.14    0.00    3.21    0.00    0.00    0.00   34.90
