Linux 5.4.0-45-generic (server3) 	2020년 09월 09일 	_x86_64_	(10 CPU)

11시 23분 26초  CPU    %usr   %nice    %sys %iowait    %irq   %soft  %steal  %guest  %gnice   %idle
11시 24분 26초  all   54.99    0.00    6.38    0.99    0.00    2.64    0.00    0.00    0.00   34.99
11시 24분 26초    0   55.80    0.00    6.77    0.83    0.00    3.22    0.00    0.00    0.00   33.39
11시 24분 26초    1   56.81    0.00    6.35    0.73    0.00    1.61    0.00    0.00    0.00   34.50
11시 24분 26초    2   52.34    0.00    6.07    1.49    0.00    2.56    0.00    0.00    0.00   37.53
11시 24분 26초    3   55.25    0.00    5.75    1.48    0.00    2.45    0.00    0.00    0.00   35.07
11시 24분 26초    4   59.92    0.00    5.69    0.78    0.00    2.10    0.00    0.00    0.00   31.51
11시 24분 26초    5   53.21    0.00    6.27    1.34    0.00    2.60    0.00    0.00    0.00   36.59
11시 24분 26초    6   53.68    0.00    6.82    0.31    0.00    2.79    0.00    0.00    0.00   36.40
11시 24분 26초    7   56.76    0.00    6.14    0.83    0.00    2.76    0.00    0.00    0.00   33.50
11시 24분 26초    8   52.60    0.00    7.30    1.03    0.00    3.70    0.00    0.00    0.00   35.37
11시 24분 26초    9   53.50    0.00    6.69    1.12    0.00    2.61    0.00    0.00    0.00   36.08

Average:     CPU    %usr   %nice    %sys %iowait    %irq   %soft  %steal  %guest  %gnice   %idle
Average:     all   54.99    0.00    6.38    0.99    0.00    2.64    0.00    0.00    0.00   34.99
Average:       0   55.80    0.00    6.77    0.83    0.00    3.22    0.00    0.00    0.00   33.39
Average:       1   56.81    0.00    6.35    0.73    0.00    1.61    0.00    0.00    0.00   34.50
Average:       2   52.34    0.00    6.07    1.49    0.00    2.56    0.00    0.00    0.00   37.53
Average:       3   55.25    0.00    5.75    1.48    0.00    2.45    0.00    0.00    0.00   35.07
Average:       4   59.92    0.00    5.69    0.78    0.00    2.10    0.00    0.00    0.00   31.51
Average:       5   53.21    0.00    6.27    1.34    0.00    2.60    0.00    0.00    0.00   36.59
Average:       6   53.68    0.00    6.82    0.31    0.00    2.79    0.00    0.00    0.00   36.40
Average:       7   56.76    0.00    6.14    0.83    0.00    2.76    0.00    0.00    0.00   33.50
Average:       8   52.60    0.00    7.30    1.03    0.00    3.70    0.00    0.00    0.00   35.37
Average:       9   53.50    0.00    6.69    1.12    0.00    2.61    0.00    0.00    0.00   36.08
