Linux 5.4.0-42-generic (server3) 	2020년 08월 26일 	_x86_64_	(10 CPU)

16시 00분 31초  CPU    %usr   %nice    %sys %iowait    %irq   %soft  %steal  %guest  %gnice   %idle
16시 01분 31초  all   53.99    0.00    6.67    0.93    0.00    2.68    0.00    0.00    0.00   35.73
16시 01분 31초    0   54.24    0.00    6.10    0.98    0.00    2.61    0.00    0.00    0.00   36.08
16시 01분 31초    1   52.56    0.00    6.53    0.83    0.00    3.20    0.00    0.00    0.00   36.88
16시 01분 31초    2   58.16    0.00    6.11    0.79    0.00    1.56    0.00    0.00    0.00   33.38
16시 01분 31초    3   58.29    0.00    6.16    0.50    0.00    2.00    0.00    0.00    0.00   33.05
16시 01분 31초    4   55.18    0.00    6.27    1.36    0.00    2.11    0.00    0.00    0.00   35.09
16시 01분 31초    5   54.06    0.00    7.05    0.76    0.00    2.52    0.00    0.00    0.00   35.61
16시 01분 31초    6   54.52    0.00    7.20    0.80    0.00    3.01    0.00    0.00    0.00   34.48
16시 01분 31초    7   53.80    0.00    6.48    1.23    0.00    1.86    0.00    0.00    0.00   36.64
16시 01분 31초    8   50.95    0.00    7.63    1.23    0.00    2.47    0.00    0.00    0.00   37.72
16시 01분 31초    9   48.21    0.00    7.22    0.75    0.00    5.44    0.00    0.00    0.00   38.38

Average:     CPU    %usr   %nice    %sys %iowait    %irq   %soft  %steal  %guest  %gnice   %idle
Average:     all   53.99    0.00    6.67    0.93    0.00    2.68    0.00    0.00    0.00   35.73
Average:       0   54.24    0.00    6.10    0.98    0.00    2.61    0.00    0.00    0.00   36.08
Average:       1   52.56    0.00    6.53    0.83    0.00    3.20    0.00    0.00    0.00   36.88
Average:       2   58.16    0.00    6.11    0.79    0.00    1.56    0.00    0.00    0.00   33.38
Average:       3   58.29    0.00    6.16    0.50    0.00    2.00    0.00    0.00    0.00   33.05
Average:       4   55.18    0.00    6.27    1.36    0.00    2.11    0.00    0.00    0.00   35.09
Average:       5   54.06    0.00    7.05    0.76    0.00    2.52    0.00    0.00    0.00   35.61
Average:       6   54.52    0.00    7.20    0.80    0.00    3.01    0.00    0.00    0.00   34.48
Average:       7   53.80    0.00    6.48    1.23    0.00    1.86    0.00    0.00    0.00   36.64
Average:       8   50.95    0.00    7.63    1.23    0.00    2.47    0.00    0.00    0.00   37.72
Average:       9   48.21    0.00    7.22    0.75    0.00    5.44    0.00    0.00    0.00   38.38
