Linux 5.4.0-45-generic (server3) 	2020년 09월 08일 	_x86_64_	(10 CPU)

12시 03분 58초  CPU    %usr   %nice    %sys %iowait    %irq   %soft  %steal  %guest  %gnice   %idle
12시 04분 58초  all   54.68    0.00    6.52    0.94    0.00    2.59    0.00    0.00    0.00   35.27
12시 04분 58초    0   57.49    0.00    6.29    0.75    0.00    1.77    0.00    0.00    0.00   33.70
12시 04분 58초    1   56.44    0.00    6.57    0.84    0.00    1.72    0.00    0.00    0.00   34.43
12시 04분 58초    2   59.95    0.00    5.69    0.99    0.00    2.11    0.00    0.00    0.00   31.25
12시 04분 58초    3   54.24    0.00    6.12    0.67    0.00    2.29    0.00    0.00    0.00   36.68
12시 04분 58초    4   53.98    0.00    6.73    1.70    0.00    2.22    0.00    0.00    0.00   35.37
12시 04분 58초    5   56.77    0.00    6.37    1.15    0.00    1.80    0.00    0.00    0.00   33.90
12시 04분 58초    6   53.92    0.00    5.83    0.70    0.00    2.59    0.00    0.00    0.00   36.96
12시 04분 58초    7   52.09    0.00    6.50    0.77    0.00    3.20    0.00    0.00    0.00   37.44
12시 04분 58초    8   49.75    0.00    7.69    0.87    0.00    4.37    0.00    0.00    0.00   37.32
12시 04분 58초    9   52.09    0.00    7.44    1.00    0.00    3.84    0.00    0.00    0.00   35.63

Average:     CPU    %usr   %nice    %sys %iowait    %irq   %soft  %steal  %guest  %gnice   %idle
Average:     all   54.68    0.00    6.52    0.94    0.00    2.59    0.00    0.00    0.00   35.27
Average:       0   57.49    0.00    6.29    0.75    0.00    1.77    0.00    0.00    0.00   33.70
Average:       1   56.44    0.00    6.57    0.84    0.00    1.72    0.00    0.00    0.00   34.43
Average:       2   59.95    0.00    5.69    0.99    0.00    2.11    0.00    0.00    0.00   31.25
Average:       3   54.24    0.00    6.12    0.67    0.00    2.29    0.00    0.00    0.00   36.68
Average:       4   53.98    0.00    6.73    1.70    0.00    2.22    0.00    0.00    0.00   35.37
Average:       5   56.77    0.00    6.37    1.15    0.00    1.80    0.00    0.00    0.00   33.90
Average:       6   53.92    0.00    5.83    0.70    0.00    2.59    0.00    0.00    0.00   36.96
Average:       7   52.09    0.00    6.50    0.77    0.00    3.20    0.00    0.00    0.00   37.44
Average:       8   49.75    0.00    7.69    0.87    0.00    4.37    0.00    0.00    0.00   37.32
Average:       9   52.09    0.00    7.44    1.00    0.00    3.84    0.00    0.00    0.00   35.63
