Linux 5.4.0-42-generic (server3) 	2020년 09월 01일 	_x86_64_	(10 CPU)

10시 32분 19초  CPU    %usr   %nice    %sys %iowait    %irq   %soft  %steal  %guest  %gnice   %idle
10시 33분 19초  all   56.06    0.00    5.59    0.96    0.00    2.16    0.00    0.00    0.00   35.23
10시 33분 19초    0   58.59    0.00    5.42    0.86    0.00    1.62    0.00    0.00    0.00   33.51
10시 33분 19초    1   56.77    0.00    5.55    1.06    0.00    2.05    0.00    0.00    0.00   34.57
10시 33분 19초    2   52.73    0.00    5.90    0.67    0.00    2.99    0.00    0.00    0.00   37.72
10시 33분 19초    3   55.46    0.00    5.51    0.65    0.00    1.47    0.00    0.00    0.00   36.92
10시 33분 19초    4   58.55    0.00    5.00    1.20    0.00    1.60    0.00    0.00    0.00   33.65
10시 33분 19초    5   58.89    0.00    5.32    1.39    0.00    1.81    0.00    0.00    0.00   32.59
10시 33분 19초    6   53.80    0.00    5.92    0.98    0.00    2.28    0.00    0.00    0.00   37.02
10시 33분 19초    7   55.47    0.00    5.61    0.72    0.00    3.40    0.00    0.00    0.00   34.81
10시 33분 19초    8   55.06    0.00    6.14    1.54    0.00    2.24    0.00    0.00    0.00   35.02
10시 33분 19초    9   55.26    0.00    5.52    0.54    0.00    2.11    0.00    0.00    0.00   36.57

Average:     CPU    %usr   %nice    %sys %iowait    %irq   %soft  %steal  %guest  %gnice   %idle
Average:     all   56.06    0.00    5.59    0.96    0.00    2.16    0.00    0.00    0.00   35.23
Average:       0   58.59    0.00    5.42    0.86    0.00    1.62    0.00    0.00    0.00   33.51
Average:       1   56.77    0.00    5.55    1.06    0.00    2.05    0.00    0.00    0.00   34.57
Average:       2   52.73    0.00    5.90    0.67    0.00    2.99    0.00    0.00    0.00   37.72
Average:       3   55.46    0.00    5.51    0.65    0.00    1.47    0.00    0.00    0.00   36.92
Average:       4   58.55    0.00    5.00    1.20    0.00    1.60    0.00    0.00    0.00   33.65
Average:       5   58.89    0.00    5.32    1.39    0.00    1.81    0.00    0.00    0.00   32.59
Average:       6   53.80    0.00    5.92    0.98    0.00    2.28    0.00    0.00    0.00   37.02
Average:       7   55.47    0.00    5.61    0.72    0.00    3.40    0.00    0.00    0.00   34.81
Average:       8   55.06    0.00    6.14    1.54    0.00    2.24    0.00    0.00    0.00   35.02
Average:       9   55.26    0.00    5.52    0.54    0.00    2.11    0.00    0.00    0.00   36.57
