Linux 5.4.0-42-generic (server3) 	2020년 08월 31일 	_x86_64_	(10 CPU)

12시 11분 28초  CPU    %usr   %nice    %sys %iowait    %irq   %soft  %steal  %guest  %gnice   %idle
12시 12분 28초  all   54.87    0.00    6.21    0.76    0.00    2.55    0.00    0.00    0.00   35.60
12시 12분 28초    0   53.58    0.00    7.07    0.97    0.00    3.25    0.00    0.00    0.00   35.13
12시 12분 28초    1   60.04    0.00    5.49    0.55    0.00    1.61    0.00    0.00    0.00   32.31
12시 12분 28초    2   53.89    0.00    6.39    0.88    0.00    2.49    0.00    0.00    0.00   36.35
12시 12분 28초    3   54.20    0.00    5.73    1.03    0.00    2.69    0.00    0.00    0.00   36.35
12시 12분 28초    4   52.72    0.00    6.39    0.55    0.00    3.15    0.00    0.00    0.00   37.19
12시 12분 28초    5   56.83    0.00    5.83    0.70    0.00    2.58    0.00    0.00    0.00   34.05
12시 12분 28초    6   55.23    0.00    6.36    1.01    0.00    1.36    0.00    0.00    0.00   36.04
12시 12분 28초    7   56.38    0.00    6.00    0.41    0.00    2.30    0.00    0.00    0.00   34.91
12시 12분 28초    8   54.25    0.00    6.35    0.46    0.00    2.49    0.00    0.00    0.00   36.45
12시 12분 28초    9   51.54    0.00    6.51    1.02    0.00    3.64    0.00    0.00    0.00   37.30

Average:     CPU    %usr   %nice    %sys %iowait    %irq   %soft  %steal  %guest  %gnice   %idle
Average:     all   54.87    0.00    6.21    0.76    0.00    2.55    0.00    0.00    0.00   35.60
Average:       0   53.58    0.00    7.07    0.97    0.00    3.25    0.00    0.00    0.00   35.13
Average:       1   60.04    0.00    5.49    0.55    0.00    1.61    0.00    0.00    0.00   32.31
Average:       2   53.89    0.00    6.39    0.88    0.00    2.49    0.00    0.00    0.00   36.35
Average:       3   54.20    0.00    5.73    1.03    0.00    2.69    0.00    0.00    0.00   36.35
Average:       4   52.72    0.00    6.39    0.55    0.00    3.15    0.00    0.00    0.00   37.19
Average:       5   56.83    0.00    5.83    0.70    0.00    2.58    0.00    0.00    0.00   34.05
Average:       6   55.23    0.00    6.36    1.01    0.00    1.36    0.00    0.00    0.00   36.04
Average:       7   56.38    0.00    6.00    0.41    0.00    2.30    0.00    0.00    0.00   34.91
Average:       8   54.25    0.00    6.35    0.46    0.00    2.49    0.00    0.00    0.00   36.45
Average:       9   51.54    0.00    6.51    1.02    0.00    3.64    0.00    0.00    0.00   37.30
