Linux 5.4.0-42-generic (server3) 	2020년 08월 31일 	_x86_64_	(10 CPU)

20시 15분 38초  CPU    %usr   %nice    %sys %iowait    %irq   %soft  %steal  %guest  %gnice   %idle
20시 16분 38초  all    1.39    0.00    0.98    0.00    0.00    0.08    0.00    0.00    0.00   97.55
20시 16분 38초    0    1.23    0.00    0.66    0.00    0.00    0.51    0.00    0.00    0.00   97.59
20시 16분 38초    1    1.17    0.00    0.68    0.00    0.00    0.15    0.00    0.00    0.00   98.00
20시 16분 38초    2    1.39    0.00    1.10    0.00    0.00    0.05    0.00    0.00    0.00   97.46
20시 16분 38초    3    1.40    0.00    1.15    0.00    0.00    0.03    0.00    0.00    0.00   97.41
20시 16분 38초    4    1.57    0.00    1.08    0.00    0.00    0.02    0.00    0.00    0.00   97.33
20시 16분 38초    5    1.35    0.00    0.87    0.00    0.00    0.02    0.00    0.00    0.00   97.76
20시 16분 38초    6    1.52    0.00    1.08    0.00    0.00    0.02    0.00    0.00    0.00   97.38
20시 16분 38초    7    1.57    0.00    1.17    0.00    0.00    0.02    0.00    0.00    0.00   97.25
20시 16분 38초    8    1.34    0.00    0.99    0.00    0.00    0.00    0.00    0.00    0.00   97.68
20시 16분 38초    9    1.38    0.00    1.08    0.02    0.00    0.00    0.00    0.00    0.00   97.51

Average:     CPU    %usr   %nice    %sys %iowait    %irq   %soft  %steal  %guest  %gnice   %idle
Average:     all    1.39    0.00    0.98    0.00    0.00    0.08    0.00    0.00    0.00   97.55
Average:       0    1.23    0.00    0.66    0.00    0.00    0.51    0.00    0.00    0.00   97.59
Average:       1    1.17    0.00    0.68    0.00    0.00    0.15    0.00    0.00    0.00   98.00
Average:       2    1.39    0.00    1.10    0.00    0.00    0.05    0.00    0.00    0.00   97.46
Average:       3    1.40    0.00    1.15    0.00    0.00    0.03    0.00    0.00    0.00   97.41
Average:       4    1.57    0.00    1.08    0.00    0.00    0.02    0.00    0.00    0.00   97.33
Average:       5    1.35    0.00    0.87    0.00    0.00    0.02    0.00    0.00    0.00   97.76
Average:       6    1.52    0.00    1.08    0.00    0.00    0.02    0.00    0.00    0.00   97.38
Average:       7    1.57    0.00    1.17    0.00    0.00    0.02    0.00    0.00    0.00   97.25
Average:       8    1.34    0.00    0.99    0.00    0.00    0.00    0.00    0.00    0.00   97.68
Average:       9    1.38    0.00    1.08    0.02    0.00    0.00    0.00    0.00    0.00   97.51
