Linux 5.4.0-42-generic (server3) 	2020년 08월 21일 	_x86_64_	(10 CPU)

17시 39분 39초  CPU    %usr   %nice    %sys %iowait    %irq   %soft  %steal  %guest  %gnice   %idle
17시 40분 39초  all   54.11    0.00    6.47    0.82    0.00    2.94    0.00    0.00    0.00   35.66
17시 40분 39초    0   54.44    0.00    6.04    1.34    0.00    2.38    0.00    0.00    0.00   35.81
17시 40분 39초    1   54.82    0.00    6.57    1.26    0.00    2.01    0.00    0.00    0.00   35.34
17시 40분 39초    2   53.49    0.00    6.70    0.91    0.00    3.53    0.00    0.00    0.00   35.37
17시 40분 39초    3   59.09    0.00    5.37    0.30    0.00    2.07    0.00    0.00    0.00   33.16
17시 40분 39초    4   56.30    0.00    5.77    0.38    0.00    3.22    0.00    0.00    0.00   34.33
17시 40분 39초    5   52.25    0.00    6.82    0.91    0.00    4.08    0.00    0.00    0.00   35.94
17시 40분 39초    6   52.30    0.00    7.07    0.76    0.00    2.97    0.00    0.00    0.00   36.91
17시 40분 39초    7   47.44    0.00    8.02    1.18    0.00    3.38    0.00    0.00    0.00   39.98
17시 40분 39초    8   54.19    0.00    6.47    0.50    0.00    3.55    0.00    0.00    0.00   35.29
17시 40분 39초    9   56.72    0.00    5.86    0.68    0.00    2.21    0.00    0.00    0.00   34.53

Average:     CPU    %usr   %nice    %sys %iowait    %irq   %soft  %steal  %guest  %gnice   %idle
Average:     all   54.11    0.00    6.47    0.82    0.00    2.94    0.00    0.00    0.00   35.66
Average:       0   54.44    0.00    6.04    1.34    0.00    2.38    0.00    0.00    0.00   35.81
Average:       1   54.82    0.00    6.57    1.26    0.00    2.01    0.00    0.00    0.00   35.34
Average:       2   53.49    0.00    6.70    0.91    0.00    3.53    0.00    0.00    0.00   35.37
Average:       3   59.09    0.00    5.37    0.30    0.00    2.07    0.00    0.00    0.00   33.16
Average:       4   56.30    0.00    5.77    0.38    0.00    3.22    0.00    0.00    0.00   34.33
Average:       5   52.25    0.00    6.82    0.91    0.00    4.08    0.00    0.00    0.00   35.94
Average:       6   52.30    0.00    7.07    0.76    0.00    2.97    0.00    0.00    0.00   36.91
Average:       7   47.44    0.00    8.02    1.18    0.00    3.38    0.00    0.00    0.00   39.98
Average:       8   54.19    0.00    6.47    0.50    0.00    3.55    0.00    0.00    0.00   35.29
Average:       9   56.72    0.00    5.86    0.68    0.00    2.21    0.00    0.00    0.00   34.53
