Linux 5.4.0-42-generic (server3) 	2020년 08월 31일 	_x86_64_	(10 CPU)

17시 05분 36초  CPU    %usr   %nice    %sys %iowait    %irq   %soft  %steal  %guest  %gnice   %idle
17시 06분 36초  all   54.65    0.00    6.72    1.06    0.00    2.59    0.00    0.00    0.00   34.99
17시 06분 36초    0   54.70    0.00    6.55    0.75    0.00    2.24    0.00    0.00    0.00   35.77
17시 06분 36초    1   55.84    0.00    6.03    1.42    0.00    2.32    0.00    0.00    0.00   34.39
17시 06분 36초    2   54.48    0.00    6.78    0.65    0.00    2.69    0.00    0.00    0.00   35.40
17시 06분 36초    3   55.18    0.00    6.85    1.22    0.00    2.49    0.00    0.00    0.00   34.26
17시 06분 36초    4   52.82    0.00    6.63    1.06    0.00    3.02    0.00    0.00    0.00   36.47
17시 06분 36초    5   54.19    0.00    6.26    0.85    0.00    3.01    0.00    0.00    0.00   35.69
17시 06분 36초    6   54.37    0.00    6.66    0.60    0.00    3.74    0.00    0.00    0.00   34.63
17시 06분 36초    7   56.51    0.00    6.79    1.26    0.00    1.47    0.00    0.00    0.00   33.97
17시 06분 36초    8   54.02    0.00    7.16    1.64    0.00    2.57    0.00    0.00    0.00   34.62
17시 06분 36초    9   54.28    0.00    7.51    1.14    0.00    2.40    0.00    0.00    0.00   34.67

Average:     CPU    %usr   %nice    %sys %iowait    %irq   %soft  %steal  %guest  %gnice   %idle
Average:     all   54.65    0.00    6.72    1.06    0.00    2.59    0.00    0.00    0.00   34.99
Average:       0   54.70    0.00    6.55    0.75    0.00    2.24    0.00    0.00    0.00   35.77
Average:       1   55.84    0.00    6.03    1.42    0.00    2.32    0.00    0.00    0.00   34.39
Average:       2   54.48    0.00    6.78    0.65    0.00    2.69    0.00    0.00    0.00   35.40
Average:       3   55.18    0.00    6.85    1.22    0.00    2.49    0.00    0.00    0.00   34.26
Average:       4   52.82    0.00    6.63    1.06    0.00    3.02    0.00    0.00    0.00   36.47
Average:       5   54.19    0.00    6.26    0.85    0.00    3.01    0.00    0.00    0.00   35.69
Average:       6   54.37    0.00    6.66    0.60    0.00    3.74    0.00    0.00    0.00   34.63
Average:       7   56.51    0.00    6.79    1.26    0.00    1.47    0.00    0.00    0.00   33.97
Average:       8   54.02    0.00    7.16    1.64    0.00    2.57    0.00    0.00    0.00   34.62
Average:       9   54.28    0.00    7.51    1.14    0.00    2.40    0.00    0.00    0.00   34.67
