Linux 5.4.0-42-generic (server3) 	2020년 09월 03일 	_x86_64_	(10 CPU)

11시 36분 04초  CPU    %usr   %nice    %sys %iowait    %irq   %soft  %steal  %guest  %gnice   %idle
11시 37분 04초  all   54.20    0.00    6.67    1.03    0.00    3.13    0.00    0.00    0.00   34.97
11시 37분 04초    0   55.63    0.00    6.22    0.78    0.00    1.80    0.00    0.00    0.00   35.57
11시 37분 04초    1   51.84    0.00    6.73    1.18    0.00    3.45    0.00    0.00    0.00   36.80
11시 37분 04초    2   56.35    0.00    5.85    0.94    0.00    3.10    0.00    0.00    0.00   33.76
11시 37분 04초    3   57.53    0.00    6.48    1.10    0.00    3.57    0.00    0.00    0.00   31.32
11시 37분 04초    4   53.41    0.00    7.08    1.16    0.00    3.34    0.00    0.00    0.00   35.02
11시 37분 04초    5   56.67    0.00    5.89    0.96    0.00    1.98    0.00    0.00    0.00   34.51
11시 37분 04초    6   53.52    0.00    6.33    1.12    0.00    2.72    0.00    0.00    0.00   36.30
11시 37분 04초    7   49.93    0.00    7.67    1.17    0.00    2.99    0.00    0.00    0.00   38.24
11시 37분 04초    8   55.46    0.00    6.92    1.13    0.00    2.73    0.00    0.00    0.00   33.76
11시 37분 04초    9   51.64    0.00    7.48    0.78    0.00    5.69    0.00    0.00    0.00   34.41

Average:     CPU    %usr   %nice    %sys %iowait    %irq   %soft  %steal  %guest  %gnice   %idle
Average:     all   54.20    0.00    6.67    1.03    0.00    3.13    0.00    0.00    0.00   34.97
Average:       0   55.63    0.00    6.22    0.78    0.00    1.80    0.00    0.00    0.00   35.57
Average:       1   51.84    0.00    6.73    1.18    0.00    3.45    0.00    0.00    0.00   36.80
Average:       2   56.35    0.00    5.85    0.94    0.00    3.10    0.00    0.00    0.00   33.76
Average:       3   57.53    0.00    6.48    1.10    0.00    3.57    0.00    0.00    0.00   31.32
Average:       4   53.41    0.00    7.08    1.16    0.00    3.34    0.00    0.00    0.00   35.02
Average:       5   56.67    0.00    5.89    0.96    0.00    1.98    0.00    0.00    0.00   34.51
Average:       6   53.52    0.00    6.33    1.12    0.00    2.72    0.00    0.00    0.00   36.30
Average:       7   49.93    0.00    7.67    1.17    0.00    2.99    0.00    0.00    0.00   38.24
Average:       8   55.46    0.00    6.92    1.13    0.00    2.73    0.00    0.00    0.00   33.76
Average:       9   51.64    0.00    7.48    0.78    0.00    5.69    0.00    0.00    0.00   34.41
